010101001010101010101001010101000101010101010010101001010101010101001010101000101010101010010101001010101010101001010101000101010101010010101001010101010101001010101000101010101010010101001010101010101001010101000101010101010010101001010101010101001010101000101010101010010101001010101010101001010101000101010101010010101001010101010101001010101000101010101010010101001010101010101001010101000101010101010
010101001010101010101001010101000101010101010010101001010101010101001010101000101010101010010101001010101010101001010101000101010101010010101001010101010101001010101000101010101010010101001010101010101001010101000101010101010010101001010101010101001010101000101010101010010101001010101010101001010101000101010101010010101001010101010101001010101000101010101010010101001010101010101001010101000101010101010010101001010101010101001010101000101010101010010101001010101010101001010101000101010101010
010101001010101010101001010101000101010101010010101001010101010101001010101000101010101010010101001010101010101001010101000101010101010010101001010101010101001010101000101010101010010101001010101010101001010101000101010101010
010101001010101010101001010101000101010101010010101001010101010101001010101000101010101010010101001010101010101001010101000101010101010010101001010101010101001010101000101010101010
010101001010101010101001010101000101010101010010101001010101010101001010101000101010101010010101001010101010101001010101000101010101010010101001010101010101001010101000101010101010
010101001010101010101001010101000101010101010010101001010101010101001010101000101010101010010101001010101010101001010101000101010101010010101001010101010101001010101000101010101010
010101001010101010101001010101000101010101010s010101001010101010101001010101000101010101010e010101001010101010101001010101000101010101010n010101001010101010101001010101000101010101010d
010101001010101010101001010101000101010101010h010101001010101010101001010101000101010101010e010101001010101010101001010101000101010101010l010101001010101010101001010101000101010101010p
010101001010101010101001010101000101010101010flim010101001010101010101001010101000101010101010010101001010101010101001010101000101010101010fl010101001010101010101001010101000101010101010am
010101001010101010101001010101000101010101010
010101001010101010101001010101000101010101010010101001010101010101001010101000101010101010010101001010101010101001010101000101010101010
010101001010101010101001010101000101010101010010101001010101010101001010101000101010101010010101001010101010101001010101000101010101010010101001010101010101001010101000101010101010
010101001010101010101001010101000101010101010010101001010101010101001010101000101010101010
010101001010101010101001010101000101010101010010101001010101010101001010101000101010101010010101001010101010101001010101000101010101010
010101001010101010101001010101000101010101010010101001010101010101001010101000101010101010
